{
 "cells": [
  {
   "cell_type": "code",
   "execution_count": 1,
   "id": "79f346d6",
   "metadata": {},
   "outputs": [
    {
     "name": "stderr",
     "output_type": "stream",
     "text": [
      "c:\\Users\\simon\\AppData\\Local\\Programs\\Python\\Python313\\Lib\\site-packages\\tqdm\\auto.py:21: TqdmWarning: IProgress not found. Please update jupyter and ipywidgets. See https://ipywidgets.readthedocs.io/en/stable/user_install.html\n",
      "  from .autonotebook import tqdm as notebook_tqdm\n"
     ]
    }
   ],
   "source": [
    "import pyro\n",
    "import numpy\n",
    "import torch\n",
    "import sklearn\n",
    "import matplotlib.pyplot as plt\n",
    "from sklearn.datasets import load_iris\n",
    "from sklearn import model_selection\n",
    "import pyro.distributions as pdist\n",
    "import torch.distributions as tdist\n",
    "import torch.nn as tnn\n",
    "import pyro.nn as pnn\n",
    "import arviz\n",
    "import numpy as np"
   ]
  },
  {
   "cell_type": "code",
   "execution_count": null,
   "id": "87d1eeb7",
   "metadata": {},
   "outputs": [
    {
     "data": {
      "text/plain": [
       "array([[1.        , 0.99994899, 0.99979596, ..., 0.61878213, 0.61265702,\n",
       "        0.60653066],\n",
       "       [0.99994899, 1.        , 0.99994899, ..., 0.62490471, 0.61878213,\n",
       "        0.61265702],\n",
       "       [0.99979596, 0.99994899, 1.        , ..., 0.63102348, 0.62490471,\n",
       "        0.61878213],\n",
       "       ...,\n",
       "       [0.61878213, 0.62490471, 0.63102348, ..., 1.        , 0.99994899,\n",
       "        0.99979596],\n",
       "       [0.61265702, 0.61878213, 0.62490471, ..., 0.99994899, 1.        ,\n",
       "        0.99994899],\n",
       "       [0.60653066, 0.61265702, 0.61878213, ..., 0.99979596, 0.99994899,\n",
       "        1.        ]], shape=(100, 100))"
      ]
     },
     "execution_count": 15,
     "metadata": {},
     "output_type": "execute_result"
    }
   ],
   "source": [
    "a = np.linspace(0,1,100)\n",
    "b = np.linspace(0,1,100)\n",
    "gamma = 0.5\n",
    "def k(x,y):\n",
    "    return np.exp(-gamma*(a[x]-b[y])**2)\n",
    "K= np.fromfunction(k,(len(a),len(b)), dtype=int)\n",
    "K\n",
    "samples = np.random.multivariate_normal(mean=np.zeros(100), cov=K,size=100)\n",
    "print(samples)\n"
   ]
  },
  {
   "cell_type": "code",
   "execution_count": null,
   "id": "7a8c094b",
   "metadata": {},
   "outputs": [],
   "source": []
  },
  {
   "cell_type": "code",
   "execution_count": null,
   "id": "1df375a0",
   "metadata": {},
   "outputs": [],
   "source": [
    "\n",
    "def model(x, y):\n",
    "    Sample = [i for i in range(0,1,step=0.1)]\n",
    "    gamma = 0.5\n",
    "    Gauss_Kernel = torch.exp(-gamma * torch.cdist(x, y)**2)\n",
    "    kern_matrix = Gauss_Kernel[Sample,:][:,Sample]\n",
    "    \n",
    "    "
   ]
  },
  {
   "cell_type": "code",
   "execution_count": null,
   "id": "e5d368f5",
   "metadata": {},
   "outputs": [],
   "source": []
  }
 ],
 "metadata": {
  "kernelspec": {
   "display_name": "Python 3",
   "language": "python",
   "name": "python3"
  },
  "language_info": {
   "codemirror_mode": {
    "name": "ipython",
    "version": 3
   },
   "file_extension": ".py",
   "mimetype": "text/x-python",
   "name": "python",
   "nbconvert_exporter": "python",
   "pygments_lexer": "ipython3",
   "version": "3.13.7"
  }
 },
 "nbformat": 4,
 "nbformat_minor": 5
}
